0 456126 382949 442237 1238710	
1 466007 422582 452845 1277518	
2 430238 426856 415316 1374353	
3 466007 419569 435238 445547	
4 472513 428557 442158 422937	
5 470341 414592 437785 447486	
6 475341 423622 449051 421600	
7 478865 431119 426393 433902	
8 457909 436746 520858 459572	
9 469708 423575 530763 454024	
10 468270 427742 530006 453898	
11 462500 427270 531285 460931	
12 469800 424751 533971 455454	
13 459843 429191 571354 454551	
14 453981 428879 571077 461192	
15 454846 426442 577891 458109	
16 455543 428343 577281 457268	
17 450449 426145 578888 462873	
18 452819 423951 565468 470279	
19 452918 426810 565205 469042	
20 447670 424289 569639 473300	
21 449735 423717 574021 470305	
22 451928 425843 574471 466986	
23 445806 424089 578557 473270	
24 449860 421714 582166 469358	
25 451252 424217 584701 465345	
26 444969 423700 586385 471425	
27 448340 420635 592761 467139	
28 448634 423891 592313 464894	
29 444053 423594 595479 469656	
30 447713 420419 600055 465962	
31 449359 423389 601630 464015	
32 445231 422561 603335 469721	
33 448914 418553 607934 467714	
34 447883 424181 584712 463512	
35 445131 422470 580540 467295	
36 449901 417294 579826 467493	
37 451421 422958 574184 465646	
38 447649 422231 571616 471784	
39 451147 419997 572552 471251	
40 453894 422624 567637 471081	
41 450192 421409 565312 479521	
42 454311 419157 564128 479732	
43 456449 422335 558913 480079	
44 452748 421467 556890 488461	
45 455973 418017 556103 490517	
46 460218 422465 546267 491912	
47 456262 420804 542633 501237	
48 460535 417991 535886 503457	
49 461744 421946 531116 505232	
50 487167 421692 559640 574611	
51 476575 418217 541554 555546	
52 468968 422945 522137 533415	
53 462661 421596 512176 531985	
54 464173 418543 506106 532769	
55 465765 422024 497135 532838	
56 462245 420752 492296 541714	
57 465197 418173 489931 544899	
58 466161 421507 482803 549035	
59 465176 420168 477411 558679	
60 468136 418629 475047 560425	
61 469223 421196 470683 563363	
62 465066 418790 468419 574343	
63 469386 418503 465352 576906	
64 471422 422401 460658 579007	
65 467435 420276 458097 590616	
66 468991 417886 455232 582155	
67 468570 421514 450745 574794	
68 462619 421504 448465 581156	
69 468073 417917 449446 578238	
70 467217 421104 445785 580536	
71 462692 419764 446195 587278	
72 466707 417466 446763 587772	
73 468762 420796 443831 586467	
74 465098 420207 442572 593416	
75 469223 418592 444917 590200	
76 470923 421242 441772 590004	
77 466249 420484 441642 598562	
78 470999 417564 443171 596785	
79 472008 419670 441304 597470	
80 467549 418991 441193 604556	
81 472989 417051 442762 601409	
82 472554 420230 442707 600078	
83 469613 419327 440883 608668	
84 473022 414861 443980 608235	
85 474403 419390 442867 606347	
86 471044 418539 442778 611468	
87 474162 414739 445111 611745	
88 475178 419310 442217 610955	
89 472523 418644 443374 614976	
90 475925 415189 446515 613193	
91 477813 417841 444311 612975	
92 474362 417507 444107 619826	
93 477636 414635 447810 617404	
94 479990 417921 444588 617059	
95 476057 416765 445838 622155	
96 479158 413244 448173 622653	
97 481080 416455 447093 621002	
98 478628 416560 447010 626523	
99 480324 413428 448206 625216	
100 517598 411050 449520 656343	
